20140508 0.211641	0	4068	946	4067	429	4067	43868	467462
20140508 0.211642	0	4068	946	4067	430	4067	43868	467462
20140508 0.211642	500	4068	951	4067	430	4067	43868	467462
20140508 0.211643	0	4068	952	4067	429	4067	43868	467462
20140508 0.211643	500	4068	953	4067	428	4067	43870	467462
20140508 0.211644	0	4068	953	4067	428	4067	43870	467462
20140508 0.211644	500	4068	963	4067	428	4067	43872	467462
20140508 0.211645	0	4068	963	4067	427	4067	43872	467462
20140508 0.211645	500	4068	966	4067	427	4067	43872	467462
20140508 0.211646	0	4068	966	4067	417	4067	43872	467462
20140508 0.211646	500	4068	966	4067	417	4067	43872	467462
20140508 0.211647	500	4068	966	4067	439	4067	43872	467462
20140508 0.211648	0	4068	959	4067	478	4067	43872	467462
20140508 0.211648	500	4068	959	4067	479	4067	43872	467462
20140508 0.211649	0	4068	959	4067	480	4067	43872	467462
20140508 0.211649	500	4068	948	4067	479	4067	43872	467462
20140508 0.21165	0	4068	961	4067	480	4067	43872	467462
20140508 0.21165	500	4068	961	4067	478	4067	43876	467458
20140508 0.211651	0	4068	971	4067	416	4068	43958	467418
20140508 0.211651	500	4068	971	4067	417	4068	43958	467418
20140508 0.211652	0	4068	960	4067	418	4068	43958	467418
20140508 0.211652	500	4068	960	4067	418	4068	43958	467418
20140508 0.211653	0	4068	960	4067	418	4068	43958	467418
20140508 0.211653	500	4068	961	4067	418	4068	43958	467418
20140508 0.211654	0	4068	962	4067	418	4068	43958	467418
20140508 0.211654	500	4068	973	4067	420	4068	43958	467418
20140508 0.211655	0	4068	975	4067	420	4068	43958	467418
20140508 0.211655	500	4068	984	4067	425	4068	43958	467418
20140508 0.211656	0	4068	984	4067	425	4068	43958	467418
20140508 0.211656	500	4068	984	4067	425	4068	43958	467418
20140508 0.211657	0	4068	984	4067	425	4068	43958	467418
20140508 0.211657	500	4068	985	4067	424	4067	43960	467418
20140508 0.211658	0	4068	985	4067	424	4067	43960	467418
20140508 0.211658	500	4068	975	4067	424	4067	43960	467418
20140508 0.211659	0	4068	973	4067	427	4067	43960	467418
20140508 0.211659	500	4068	973	4067	427	4067	43960	467418
20140508 0.2117	500	4068	973	4067	429	4067	43960	467418
20140508 0.211701	0	4068	973	4067	430	4067	43960	467418
20140508 0.211701	500	4068	973	4067	430	4067	43960	467418
20140508 0.211702	0	4068	975	4067	430	4067	43960	467418
20140508 0.211702	500	4068	974	4067	430	4067	43960	467418
20140508 0.211703	0	4068	973	4067	427	4067	43972	467424
20140508 0.211703	500	4068	974	4067	427	4067	43972	467424
20140508 0.211704	0	4068	975	4067	428	4067	43972	467424
20140508 0.211704	500	4068	992	4067	408	4067	43972	467424
20140508 0.211705	0	4068	996	4067	402	4067	43984	467434
20140508 0.211705	500	4068	997	4067	401	4067	43986	467436
20140508 0.211706	0	4068	997	4067	402	4067	43990	467440
20140508 0.211706	500	4068	997	4067	402	4067	43990	467440
20140508 0.211707	0	4068	996	4067	391	4067	44014	467444
20140508 0.211707	500	4068	996	4067	393	4067	44014	467444
20140508 0.211708	0	4068	996	4067	392	4067	44016	467444
20140508 0.211708	500	4068	996	4067	384	4067	44036	467444
20140508 0.211709	0	4068	996	4067	383	4067	44038	467444
20140508 0.211709	500	4068	996	4067	383	4067	44038	467444
20140508 0.21171	0	4068	996	4067	380	4067	44044	467444
20140508 0.21171	500	4068	996	4067	379	4067	44046	467444
20140508 0.211711	500	4068	996	4067	376	4067	44052	467444
20140508 0.211712	0	4068	995	4067	374	4067	44058	467444
20140508 0.211712	500	4068	995	4067	373	4067	44060	467444
20140508 0.211713	0	4068	995	4067	373	4067	44060	467444
20140508 0.211713	500	4068	995	4067	373	4067	44060	467444
20140508 0.211714	0	4068	1047	4067	303	4067	44200	467428
20140508 0.211714	500	4068	1047	4067	235	4067	44336	467470
20140508 0.211715	0	4068	1043	4067	238	4067	44358	467472
20140508 0.211715	500	4068	1043	4067	229	4067	44376	467468
20140508 0.211716	0	4068	1040	4067	225	4067	44384	467464
20140508 0.211716	500	4068	1041	4067	223	4067	44390	467466
20140508 0.211717	0	4068	1041	4067	223	4068	44394	467466
20140508 0.211717	500	4068	1050	4067	223	4068	44396	467466
20140508 0.211718	0	4068	1050	4067	222	4067	44398	467468
20140508 0.211718	500	4068	1050	4067	221	4067	44402	467470
20140508 0.211719	0	4068	1050	4067	221	4067	44402	467470
20140508 0.211719	500	4068	1050	4067	220	4067	44402	467470
20140508 0.21172	0	4068	1050	4067	219	4067	44404	467470
20140508 0.21172	500	4068	1050	4067	217	4067	44406	467470
20140508 0.211721	0	4068	1051	4067	217	4067	44406	467470
20140508 0.211721	500	4068	1051	4067	206	4067	44428	467488
20140508 0.211722	0	4068	1050	4067	205	4067	44430	467490
20140508 0.211722	500	4068	1048	4067	206	4067	44434	467494
20140508 0.211723	0	4068	1048	4067	162	4067	44434	467494
20140508 0.211723	500	4068	1048	4067	159	4067	44440	467494
20140508 0.211724	0	4068	1048	4067	176	4067	44466	467520
20140508 0.211724	500	4068	1048	4067	175	4067	44468	467522
20140508 0.211725	0	4068	1048	4067	175	4067	44468	467522
20140508 0.211725	500	4068	1048	4067	122	4067	44578	467594
20140508 0.211726	0	4068	1050	4067	122	4067	44578	467594
20140508 0.211726	500	4068	1050	4067	56	4068	44684	467682
20140508 0.211727	0	4067	119	4066	1099	4066	44858	467746
20140508 0.211727	500	4067	139	4066	1095	4066	44864	467748
20140508 0.211728	0	4067	147	4066	1075	4066	44864	467748
20140508 0.211728	500	4067	147	4066	1085	4067	44866	467748
20140508 0.211729	0	4067	146	4066	1130	4067	44868	467750
20140508 0.211729	500	4067	128	4066	1130	4067	44904	467784
20140508 0.21173	0	4067	139	4066	1130	4067	44906	467784
20140508 0.21173	500	4067	148	4066	1130	4067	44906	467784
20140508 0.211731	0	4067	147	4066	1130	4067	44906	467784
20140508 0.211731	500	4067	147	4066	1129	4066	44908	467786
20140508 0.211732	0	4067	144	4066	1129	4067	44914	467790
20140508 0.211732	500	4067	145	4066	1129	4067	44914	467790
20140508 0.211733	0	4067	144	4066	1129	4067	44914	467790
20140508 0.211733	500	4067	145	4066	1129	4066	44916	467790
20140508 0.211734	0	4067	179	4066	1130	4066	44916	467790
20140508 0.211734	500	4067	201	4066	1130	4067	44936	467810
20140508 0.211735	0	4067	200	4066	1129	4066	44946	467812
20140508 0.211735	500	4067	230	4066	1129	4066	44946	467812
20140508 0.211736	0	4067	230	4066	1129	4066	44946	467812
20140508 0.211736	500	4067	230	4066	1133	4067	44954	467820
20140508 0.211737	0	4067	305	4066	1121	4067	44954	467820
20140508 0.211737	500	4067	303	4066	1121	4067	44956	467820
20140508 0.211738	0	4067	302	4066	1122	4067	44956	467820
20140508 0.211832	0	4067	747	4066	333	4066	49462	468808
20140508 0.211832	500	4067	747	4066	321	4066	49494	468778
20140508 0.211856	0	4066	164	4065	1438	4066	50964	468928
20140508 0.211856	500	4066	180	4065	1438	4066	50966	468930
20140508 0.211857	0	4066	199	4065	1319	4066	50966	468930
20140508 0.211857	500	4066	202	4065	1320	4066	50966	468930
20140508 0.211858	0	4066	222	4065	1320	4065	50968	468932
20140508 0.211858	500	4066	210	4065	1319	4066	51010	468970
20140508 0.211859	0	4066	209	4065	1320	4066	51010	468970
20140508 0.211859	500	4066	211	4065	1320	4066	51010	468970
20140508 0.2119	0	4066	218	4065	1319	4065	51012	468972
20140508 0.2119	500	4066	87	4065	1329	4066	51262	468972
20140508 0.211901	0	4066	93	4065	1130	4066	51664	469306
20140508 0.211901	500	4066	154	4065	1078	4066	51668	469308
20140508 0.211902	0	4066	299	4065	1088	4066	51668	469308
20140508 0.211902	500	4066	245	4065	1083	4066	51674	469314
20140508 0.211903	0	4066	335	4065	1077	4065	51684	469322
20140508 0.211903	500	4066	290	4065	1073	4065	51684	469322
20140508 0.211904	0	4066	304	4065	1061	4065	51710	469346
20140508 0.211904	500	4066	303	4065	1059	4065	51716	469350
20140508 0.211905	0	4066	306	4065	1063	4065	51718	469352
20140508 0.211905	500	4066	305	4065	1074	4066	51722	469352
20140508 0.211906	0	4066	304	4065	1023	4066	51724	469354
20140508 0.211906	500	4066	306	4065	1022	4066	51724	469354
20140508 0.211907	0	4066	310	4065	1021	4065	51726	469354
20140508 0.211907	500	4066	312	4065	1022	4066	51728	469356
20140508 0.211908	0	4066	371	4065	1024	4066	51728	469356
20140508 0.211908	500	4066	344	4065	1022	4065	51814	469432
20140508 0.211909	0	4066	375	4065	1004	4066	51856	469474
20140508 0.211909	500	4066	316	4065	1005	4066	51856	469474
20140508 0.21191	0	4066	356	4065	1042	4065	51858	469474
20140508 0.21191	500	4066	351	4065	1029	4065	51860	469476
20140508 0.211911	0	4066	351	4065	1030	4065	51860	469476
20140508 0.211911	500	4066	351	4065	1035	4065	51860	469476
20140508 0.211912	0	4066	372	4065	1046	4065	51860	469476
20140508 0.211912	500	4066	365	4065	1044	4066	51884	469476
20140508 0.211913	0	4066	310	4065	1045	4066	52060	469460
20140508 0.211913	500	4066	301	4065	1050	4066	52092	469460
20140508 0.211914	0	4066	306	4065	1046	4065	52100	469464
20140508 0.211914	500	4066	308	4065	1046	4065	52100	469464
20140508 0.211915	0	4066	310	4065	1038	4065	52120	469480
20140508 0.211915	500	4066	319	4065	1039	4065	52120	469480
20140508 0.211916	0	4066	321	4065	1037	4065	52124	469484
20140508 0.211916	500	4066	326	4065	1039	4065	52128	469488
20140508 0.211917	0	4066	326	4065	1042	4065	52128	469488
20140508 0.211917	500	4066	332	4065	1042	4066	52130	469490
20140508 0.211918	0	4066	336	4065	819	4065	52132	469492
20140508 0.211918	500	4066	336	4065	819	4065	52134	469494
20140508 0.211919	0	4066	355	4065	657	4065	52456	469776
20140508 0.211919	500	4066	363	4065	647	4065	52480	469782
20140508 0.21192	0	4066	366	4065	478	4065	52838	469748
20140508 0.21192	500	4066	438	4065	390	4065	53056	469752
20140508 0.211921	0	4066	392	4065	391	4065	53494	470038
20140508 0.211921	500	4066	412	4065	396	4066	53518	470038
20140508 0.211922	0	4066	418	4065	462	4065	53524	470042
20140508 0.211922	500	4066	401	4065	471	4066	53580	470082
20140508 0.211923	0	4066	444	4065	370	4065	53728	470066
20140508 0.211923	500	4066	462	4065	345	4065	53758	470068
20140508 0.211924	0	4066	608	4065	270	4065	53774	470064
20140508 0.211924	500	4066	612	4065	133	4065	54018	470236
20140508 0.211925	0	4066	569	4065	34	4065	54214	470238
20140508 0.211925	500	4065	78	4064	783	4065	54282	470246
20140508 0.211926	0	4066	571	4065	79	4065	54552	470234
20140508 0.211926	500	4066	590	4065	55	4065	54600	470230
20140508 0.211927	0	4066	594	4065	51	4065	54632	470230
20140508 0.211927	500	4066	589	4065	110	4065	54646	470232
20140508 0.211928	0	4066	592	4065	177	4065	54666	470232
20140508 0.211928	500	4066	598	4065	172	4065	54684	470216
20140508 0.211929	0	4066	603	4065	38	4065	54808	470092
20140508 0.211929	500	4066	603	4065	59	4065	54814	470092
20140508 0.21193	0	4066	609	4065	38	4065	54816	470092
20140508 0.21193	500	4066	612	4065	56	4065	54820	470092
20140508 0.211931	0	4066	613	4065	57	4065	54826	470090
20140508 0.211931	500	4066	616	4065	57	4065	54826	470090
20140508 0.211932	0	4066	621	4065	71	4065	54832	470090
20140508 0.211932	500	4066	627	4065	227	4065	54836	470090
20140508 0.212013	0	4065	505	4064	724	4065	57096	470240
20140508 0.212013	500	4065	518	4064	716	4064	57114	470254
20140508 0.212014	0	4065	497	4064	717	4064	57158	470298
20140508 0.212014	500	4065	488	4064	731	4064	57158	470298
20140508 0.212015	0	4065	496	4064	771	4064	57158	470298
20140508 0.212015	500	4065	396	4064	825	4065	57300	470270
20140508 0.212016	0	4065	274	4064	880	4065	57540	470172
20140508 0.212016	500	4065	73	4064	901	4064	57954	470072
20140508 0.212017	0	4066	656	4065	101	4065	58102	470014
20140508 0.212017	500	4066	688	4065	247	4065	58216	470004
20140508 0.212018	0	4066	691	4065	204	4065	58228	470012
20140508 0.212018	500	4066	690	4065	205	4065	58228	470012
20140508 0.212019	0	4066	689	4065	206	4065	58236	470016
20140508 0.212019	500	4066	690	4065	104	4065	58436	469904
20140508 0.21202	0	4066	693	4065	61	4065	58444	469906
20140508 0.21202	500	4066	683	4065	11	4065	58572	469906
20140508 0.212021	0	4065	16	4064	964	4065	58598	469888
20140508 0.212021	500	4065	77	4064	933	4065	58694	469874
20140508 0.212022	0	4065	6	4064	931	4065	58696	469876
20140508 0.212022	500	4065	1	4064	934	4065	58706	469886
20140508 0.212023	0	4066	697	4065	66	4065	58728	469880
20140508 0.212023	500	4066	697	4065	63	4065	58738	469878
20140508 0.212024	0	4066	718	4065	52	4065	58776	469868
20140508 0.212024	500	4066	719	4065	30	4066	58832	469868
20140508 0.212025	0	4066	708	4065	37	4065	58892	469888
20140508 0.212025	500	4066	708	4065	47	4065	58898	469892
20140508 0.212026	0	4066	699	4065	49	4066	58916	469908
20140508 0.212026	500	4066	715	4065	59	4065	58930	469908
20140508 0.212027	0	4066	715	4065	66	4065	58934	469908
20140508 0.212027	500	4066	715	4065	108	4065	58940	469908
20140508 0.212028	0	4066	691	4065	221	4065	58954	469896
20140508 0.212028	500	4066	677	4065	273	4065	58988	469902
20140508 0.212029	0	4066	708	4065	355	4065	58990	469904
20140508 0.212029	500	4066	686	4065	444	4065	59012	469908
20140508 0.21203	0	4066	679	4065	436	4065	59038	469908
20140508 0.21203	500	4066	658	4065	482	4065	59040	469908
20140508 0.212031	0	4066	653	4065	492	4066	59044	469908
20140508 0.212031	500	4066	646	4065	474	4066	59108	469860
20140508 0.212032	0	4066	648	4065	481	4066	59108	469860
20140508 0.212032	500	4066	674	4065	494	4065	59152	469860
20140508 0.212033	0	4066	654	4065	496	4065	59152	469860
20140508 0.212033	500	4066	677	4065	503	4065	59154	469858
20140508 0.212034	0	4066	677	4065	506	4065	59154	469858
20140508 0.212034	500	4066	678	4065	507	4066	59156	469858
20140508 0.212035	0	4066	659	4065	511	4066	59156	469858
20140508 0.212035	500	4066	659	4065	567	4065	59158	469858
20140508 0.212036	0	4066	657	4065	579	4066	59162	469862
20140508 0.212036	500	4066	657	4065	619	4065	59166	469858
20140508 0.212037	0	4066	662	4065	614	4065	59186	469866
20140508 0.212037	500	4066	668	4065	616	4065	59186	469866
20140508 0.212038	0	4066	669	4065	648	4065	59190	469866
20140508 0.212038	500	4066	670	4065	668	4065	59190	469866
20140508 0.212039	0	4066	618	4065	631	4065	59264	469852
20140508 0.212039	500	4066	597	4065	615	4065	59378	469842
20140508 0.21204	0	4066	564	4065	576	4065	59394	469828
20140508 0.21204	500	4066	550	4065	578	4065	59394	469828
20140508 0.212041	0	4066	551	4065	604	4065	59396	469826
20140508 0.212041	500	4066	549	4065	605	4066	59400	469826
20140508 0.212042	0	4066	551	4065	605	4065	59404	469826
20140508 0.212042	500	4066	555	4065	614	4065	59404	469826
20140508 0.212043	0	4066	570	4065	612	4065	59408	469826
20140508 0.212043	500	4066	570	4065	613	4065	59408	469826
20140508 0.212044	0	4066	518	4065	630	4065	59410	469824
20140508 0.212044	500	4066	518	4065	632	4065	59412	469824
20140508 0.212045	0	4066	517	4065	635	4065	59414	469824
20140508 0.212045	500	4066	518	4065	621	4065	59450	469822
20140508 0.212046	0	4066	518	4065	771	4066	59454	469822
20140508 0.212046	500	4066	474	4065	776	4065	59456	469820
20140508 0.212047	0	4066	473	4065	756	4065	59498	469828
20140508 0.212047	500	4066	471	4065	769	4066	59516	469840
20140508 0.212048	0	4066	470	4065	770	4066	59518	469842
20140508 0.212048	500	4066	472	4065	769	4066	59530	469848
20140508 0.212049	0	4066	473	4065	770	4066	59530	469848
20140508 0.212049	500	4066	485	4065	760	4066	59556	469870
20140508 0.21205	0	4066	491	4065	761	4066	59560	469872
20140508 0.21205	500	4066	499	4065	866	4065	59566	469872
20140508 0.212051	0	4066	485	4065	869	4066	59596	469852
20140508 0.212051	500	4066	484	4065	870	4066	59596	469852
20140508 0.212052	0	4066	494	4065	870	4066	59596	469852
20140508 0.212052	500	4066	484	4065	870	4066	59616	469872
20140508 0.212053	0	4066	482	4065	875	4066	59618	469872
20140508 0.212053	500	4066	482	4065	876	4066	59618	469872
20140508 0.212054	0	4066	484	4065	877	4066	59618	469872
20140508 0.212054	500	4066	484	4065	886	4065	59624	469872
20140508 0.212055	0	4066	454	4065	907	4065	59624	469872
20140508 0.212055	500	4066	455	4065	907	4066	59626	469872
20140508 0.212056	0	4066	457	4065	908	4066	59626	469872
20140508 0.212056	500	4066	457	4065	913	4066	59626	469872
20140508 0.212057	0	4066	457	4065	913	4066	59630	469876
20140508 0.212057	500	4066	453	4065	912	4065	59640	469880
20140508 0.212058	0	4066	458	4065	911	4065	59642	469882
20140508 0.212058	500	4066	457	4065	912	4066	59644	469884
20140508 0.212059	0	4066	455	4065	914	4065	59646	469884
20140508 0.212059	500	4066	455	4065	914	4065	59646	469884
20140508 0.2121	0	4066	455	4065	917	4066	59648	469884
20140508 0.2121	500	4066	131	4065	920	4066	60298	470136
20140508 0.212101	0	4067	868	4066	58	4066	60566	470270
20140508 0.212101	500	4067	913	4066	392	4066	60572	470270
20140508 0.212102	0	4067	917	4066	330	4066	60672	470210
20140508 0.212102	500	4067	934	4066	262	4066	60676	470210
20140508 0.212103	0	4067	920	4066	272	4066	60676	470210
20140508 0.212103	500	4067	921	4066	277	4066	60676	470210
20140508 0.212104	0	4067	916	4066	284	4066	60678	470208
20140508 0.212104	500	4067	916	4066	286	4066	60680	470206
20140508 0.212105	0	4067	967	4066	316	4066	60680	470206
20140508 0.212105	500	4067	964	4066	317	4066	60680	470206
20140508 0.212106	0	4067	968	4066	318	4066	60680	470206
20140508 0.212106	500	4067	969	4066	319	4066	60720	470206
20140508 0.212107	0	4067	969	4066	320	4066	60720	470206
20140508 0.212107	500	4067	978	4066	311	4066	60740	470206
20140508 0.212108	0	4067	983	4066	309	4066	60742	470206
20140508 0.212108	500	4067	985	4066	310	4066	60746	470204
20140508 0.212109	0	4067	986	4066	311	4066	60746	470204
20140508 0.212109	500	4067	994	4066	284	4066	60812	470230
20140508 0.21211	0	4067	994	4066	238	4066	60914	470224
20140508 0.21211	500	4067	994	4066	240	4067	60916	470224
20140508 0.212111	0	4067	992	4066	143	4067	60932	470226
20140508 0.212111	500	4067	987	4066	147	4067	60956	470220
20140508 0.212112	0	4067	983	4066	129	4066	60996	470222
20140508 0.212112	500	4067	974	4066	131	4066	61016	470220
20140508 0.212113	0	4067	975	4066	140	4066	61016	470220
20140508 0.212113	500	4067	971	4066	143	4067	61026	470220
20140508 0.212114	0	4067	971	4066	105	4066	61128	470168
20140508 0.212114	500	4067	977	4066	103	4066	61132	470166
20140508 0.212115	0	4067	977	4066	118	4066	61152	470166
20140508 0.212115	500	4067	979	4066	118	4066	61154	470164
20140508 0.212116	0	4067	980	4066	109	4066	61180	470164
20140508 0.212116	500	4067	976	4066	110	4066	61180	470164
20140508 0.212117	0	4067	979	4066	110	4066	61182	470164
20140508 0.212117	500	4067	968	4066	208	4067	61186	470166
20140508 0.212118	0	4067	967	4066	210	4066	61196	470158
20140508 0.212118	500	4067	968	4066	132	4066	61356	470044
20140508 0.212119	0	4067	980	4066	9	4066	61456	469976
20140508 0.212119	500	4066	3	4065	637	4066	61550	470054
20140508 0.21212	0	4067	981	4066	9	4067	61558	470054
20140508 0.21212	500	4067	982	4066	72	4066	61574	470056
20140508 0.212121	0	4067	980	4066	72	4067	61578	470058
20140508 0.212121	500	4067	980	4066	73	4067	61578	470058
20140508 0.212122	0	4067	980	4066	75	4067	61580	470060
20140508 0.212122	500	4067	981	4066	75	4067	61580	470060
20140508 0.212123	0	4067	931	4066	77	4067	61580	470060
20140508 0.212123	500	4067	934	4066	79	4067	61580	470060
20140508 0.212124	0	4067	938	4066	81	4066	61584	470056
20140508 0.212124	500	4067	929	4066	82	4067	61604	470076
20140508 0.212125	0	4067	940	4066	86	4066	61606	470074
20140508 0.212125	500	4067	941	4066	128	4066	61622	470074
20140508 0.212126	0	4067	940	4066	127	4066	61630	470070
20140508 0.212126	500	4067	943	4066	140	4066	61630	470070
20140508 0.212127	0	4067	946	4066	140	4066	61630	470070
20140508 0.212127	500	4067	945	4066	135	4066	61644	470072
20140508 0.212128	0	4067	945	4066	135	4066	61646	470070
20140508 0.212128	500	4067	902	4066	165	4066	61648	470068
20140508 0.212129	0	4067	903	4066	165	4066	61648	470068
20140508 0.212129	500	4067	906	4066	170	4066	61648	470068
20140508 0.21213	0	4067	906	4066	181	4066	61650	470068
20140508 0.21213	500	4067	907	4066	181	4067	61652	470070
20140508 0.212131	0	4067	907	4066	182	4066	61654	470070
20140508 0.212131	500	4067	907	4066	185	4066	61654	470070
20140508 0.212132	0	4067	907	4066	181	4066	61662	470062
20140508 0.212132	500	4067	868	4066	182	4067	61742	470058
20140508 0.212133	0	4067	857	4066	210	4067	61742	470058
20140508 0.212133	500	4067	870	4066	211	4067	61742	470058
20140508 0.212134	0	4067	871	4066	212	4067	61742	470058
20140508 0.212134	500	4067	870	4066	213	4067	61742	470058
20140508 0.212135	0	4067	870	4066	213	4067	61742	470058
20140508 0.212135	500	4067	870	4066	213	4067	61742	470058
20140508 0.212136	0	4067	870	4066	213	4067	61742	470058
20140508 0.212136	500	4067	870	4066	211	4066	61746	470058
20140508 0.212137	0	4067	874	4066	210	4067	61748	470058
20140508 0.212137	500	4067	873	4066	210	4066	61750	470058
20140508 0.212138	0	4067	875	4066	211	4066	61750	470058
20140508 0.212138	500	4067	870	4066	211	4066	61750	470058
20140508 0.212139	0	4067	869	4066	222	4067	61752	470060
20140508 0.212139	500	4067	872	4066	221	4066	61754	470060
20140508 0.21214	0	4067	873	4066	221	4066	61756	470058
20140508 0.21214	500	4067	878	4066	221	4066	61756	470058
20140508 0.212141	0	4067	881	4066	224	4066	61756	470058
20140508 0.212141	500	4067	887	4066	224	4066	61756	470058
20140508 0.212142	0	4067	887	4066	230	4066	61756	470058
20140508 0.212142	500	4067	887	4066	230	4066	61756	470058
20140508 0.212143	0	4067	887	4066	232	4066	61756	470058
20140508 0.212143	500	4067	885	4066	236	4067	61760	470060
20140508 0.212144	0	4067	888	4066	242	4067	61764	470064
20140508 0.212144	500	4067	889	4066	247	4067	61766	470064
20140508 0.212145	0	4067	890	4066	251	4067	61766	470064
20140508 0.212145	500	4067	890	4066	251	4067	61766	470064
20140508 0.212146	0	4067	989	4066	251	4067	61770	470064
20140508 0.212146	500	4067	990	4066	253	4067	61770	470064
20140508 0.212147	0	4067	989	4066	253	4067	61770	470064
20140508 0.212147	500	4067	990	4066	254	4067	61770	470064
20140508 0.212148	0	4067	990	4066	252	4067	61770	470064
20140508 0.212148	500	4067	989	4066	252	4067	61770	470064
20140508 0.212149	0	4067	989	4066	258	4067	61770	470064
20140508 0.212149	500	4067	986	4066	260	4067	61778	470058
20140508 0.21215	0	4067	986	4066	260	4067	61778	470058
20140508 0.21215	500	4067	987	4066	259	4067	61778	470058
20140508 0.212151	0	4067	986	4066	261	4067	61780	470056
20140508 0.212151	500	4067	985	4066	264	4067	61782	470058
20140508 0.212152	0	4067	984	4066	266	4067	61782	470058
20140508 0.212152	500	4067	1004	4066	266	4067	61782	470058
20140508 0.212153	0	4067	1005	4066	267	4067	61782	470058
20140508 0.212153	500	4067	1006	4066	265	4066	61784	470058
20140508 0.212154	0	4067	1004	4066	265	4067	61788	470062
20140508 0.212154	500	4067	1002	4066	266	4067	61790	470062
20140508 0.212155	0	4067	1002	4066	265	4066	61792	470062
20140508 0.212155	500	4067	1004	4066	303	4066	61792	470062
20140508 0.212156	0	4067	999	4066	303	4066	61792	470062
20140508 0.212156	500	4067	1005	4066	305	4066	61792	470062
20140508 0.212157	0	4067	1008	4066	305	4066	61792	470062
20140508 0.212157	500	4067	1008	4066	304	4066	61794	470062
20140508 0.212158	0	4067	1008	4066	287	4066	61828	470060
20140508 0.212158	500	4067	1007	4066	276	4066	61828	470060
20140508 0.212159	0	4067	1001	4066	275	4066	61854	470068
20140508 0.212159	500	4067	983	4066	275	4066	61856	470066
20140508 0.2122	0	4067	1005	4066	275	4066	61856	470066
20140508 0.2122	500	4067	1005	4066	271	4066	61866	470056
20140508 0.212201	0	4067	1005	4066	271	4066	61866	470056
20140508 0.212201	500	4067	1009	4066	271	4066	61876	470046
20140508 0.212202	0	4067	1009	4066	260	4066	61900	470056
20140508 0.212202	500	4067	1009	4066	256	4066	61900	470056
20140508 0.212203	0	4067	1009	4066	236	4066	61940	470086
20140508 0.212203	500	4067	1014	4066	235	4066	61942	470088
20140508 0.212204	0	4067	1013	4066	221	4067	61972	470090
20140508 0.212204	500	4067	1015	4066	221	4067	61972	470090
20140508 0.212205	0	4067	1017	4066	221	4067	61972	470090
20140508 0.212205	500	4067	1017	4066	220	4066	61974	470092
20140508 0.212206	0	4067	984	4066	219	4067	62038	470072
20140508 0.212206	500	4067	984	4066	219	4067	62038	470072
20140508 0.212207	0	4067	983	4066	218	4066	62046	470080
20140508 0.212207	500	4067	989	4066	227	4067	62048	470082
20140508 0.212208	0	4067	989	4066	226	4066	62052	470082
20140508 0.212208	500	4067	989	4066	227	4067	62054	470084
20140508 0.212209	0	4067	990	4066	228	4067	62054	470084
20140508 0.212209	500	4067	990	4066	229	4067	62054	470084
20140508 0.21221	0	4067	1005	4066	229	4067	62054	470084
20140508 0.21221	500	4067	1004	4066	228	4067	62058	470088
20140508 0.212211	0	4067	1006	4066	228	4067	62058	470088
20140508 0.212211	500	4067	1028	4066	229	4066	62060	470090
20140508 0.212212	0	4067	1028	4066	229	4066	62060	470090
20140508 0.212212	500	4067	1028	4066	228	4066	62062	470092
20140508 0.212213	0	4067	1029	4066	328	4066	62064	470092
20140508 0.212213	500	4067	1030	4066	328	4066	62064	470092
20140508 0.212214	0	4067	1030	4066	329	4066	62064	470092
20140508 0.212214	500	4067	1032	4066	329	4067	62066	470094
20140508 0.212215	0	4067	1033	4066	330	4067	62066	470094
20140508 0.212215	500	4067	1034	4066	330	4067	62066	470094
20140508 0.212216	0	4067	1035	4066	329	4067	62070	470096
20140508 0.212216	500	4067	1038	4066	334	4067	62070	470096
20140508 0.212217	0	4067	1037	4066	335	4067	62070	470096
20140508 0.212217	500	4067	1038	4066	333	4066	62072	470098
20140508 0.212218	0	4067	1041	4066	332	4066	62072	470098
20140508 0.212218	500	4067	1042	4066	322	4066	62092	470118
20140508 0.212219	0	4067	1044	4066	323	4067	62094	470120
20140508 0.212219	500	4067	1055	4066	313	4066	62114	470124
20140508 0.21222	0	4067	1055	4066	315	4066	62114	470124
20140508 0.21222	500	4067	1089	4066	313	4066	62118	470120
20140508 0.212221	0	4067	1088	4066	302	4066	62140	470136
20140508 0.212221	500	4067	1088	4066	302	4066	62140	470136
20140508 0.212222	0	4067	1077	4066	262	4066	62220	470174
20140508 0.212222	500	4067	1083	4066	266	4066	62220	470174
20140508 0.212223	0	4067	1083	4066	249	4066	62254	470174
20140508 0.212223	500	4067	1083	4066	240	4066	62278	470180
20140508 0.212224	0	4067	1090	4066	240	4066	62278	470180
20140508 0.212224	500	4067	1061	4066	229	4066	62300	470184
20140508 0.212225	0	4067	1100	4066	195	4066	62370	470250
20140508 0.212225	500	4067	1099	4066	80	4066	62602	470448
20140508 0.212309	500	4066	628	4065	690	4065	63044	470598
20140508 0.21231	0	4066	630	4065	691	4065	63044	470598
20140508 0.21231	500	4066	630	4065	692	4065	63044	470598
20140508 0.212311	0	4066	630	4065	692	4065	63044	470598
20140508 0.212311	500	4066	620	4065	692	4065	63044	470598
20140508 0.212312	0	4066	621	4065	692	4065	63044	470598
20140508 0.212312	500	4066	626	4065	742	4065	63044	470598
20140508 0.212313	0	4066	626	4065	736	4065	63046	470600
20140508 0.212313	500	4066	626	4065	749	4065	63046	470600
20140508 0.212314	0	4066	629	4065	759	4065	63046	470600
20140508 0.212314	500	4066	629	4065	758	4065	63048	470602
20140508 0.212315	0	4066	635	4065	799	4065	63048	470602
20140508 0.212315	500	4066	635	4065	799	4065	63048	470602
20140508 0.212316	0	4066	635	4065	778	4065	63092	470644
20140508 0.212316	500	4066	636	4065	760	4065	63104	470652
20140508 0.212317	0	4066	635	4065	760	4065	63104	470652
20140508 0.212317	500	4066	635	4065	758	4065	63106	470654
20140508 0.212318	0	4066	645	4065	758	4065	63106	470654
20140508 0.212318	500	4066	635	4065	767	4065	63108	470656
20140508 0.212319	0	4066	638	4065	772	4065	63108	470656
20140508 0.212319	500	4066	613	4065	772	4066	63110	470658
20140508 0.21232	0	4066	606	4065	772	4066	63116	470664
20140508 0.21232	500	4066	597	4065	774	4066	63132	470680
20140508 0.212321	0	4066	607	4065	778	4065	63136	470684
20140508 0.212321	500	4066	606	4065	784	4065	63136	470684
20140508 0.212322	0	4066	606	4065	785	4065	63136	470684
20140508 0.212322	500	4066	603	4065	805	4066	63140	470686
20140508 0.212323	0	4066	603	4065	805	4066	63140	470686
20140508 0.212323	500	4066	603	4065	804	4065	63144	470688
20140508 0.212324	0	4066	602	4065	803	4065	63148	470692
20140508 0.212324	500	4066	641	4065	786	4065	63180	470684
20140508 0.212325	0	4066	655	4065	696	4065	63360	470672
20140508 0.212325	500	4066	666	4065	681	4065	63380	470672
20140508 0.212326	0	4066	671	4065	681	4066	63382	470672
20140508 0.212326	500	4066	671	4065	682	4066	63382	470672
20140508 0.212327	500	4066	666	4065	682	4066	63396	470672
20140508 0.212328	0	4066	663	4065	682	4066	63400	470676
20140508 0.212328	500	4066	668	4065	781	4065	63420	470696
20140508 0.212329	0	4066	668	4065	781	4065	63420	470696
20140508 0.212329	500	4066	670	4065	782	4065	63420	470696
20140508 0.21233	0	4066	592	4065	692	4065	63580	470632
20140508 0.21233	500	4066	625	4065	652	4065	63660	470670
20140508 0.212331	0	4066	625	4065	650	4065	63664	470674
20140508 0.212331	500	4066	623	4065	630	4065	63704	470698
20140508 0.212332	0	4066	623	4065	629	4065	63704	470698
20140508 0.212332	500	4066	625	4065	628	4065	63706	470700
20140508 0.212333	0	4066	625	4065	593	4065	63776	470724
20140508 0.212333	500	4066	626	4065	503	4065	63956	470708
20140508 0.212334	0	4066	622	4065	335	4066	64304	470914
20140508 0.212334	500	4066	622	4065	69	4065	64798	471346
20140508 0.212335	0	4065	170	4064	1104	4065	64944	471334
20140508 0.212335	500	4065	227	4064	1095	4065	64952	471342
20140508 0.212336	0	4065	229	4064	1093	4065	64954	471344
20140508 0.212336	500	4065	277	4064	1023	4064	65036	471330
20140508 0.212337	0	4065	279	4064	950	4064	65082	471364
20140508 0.212337	500	4065	271	4064	940	4065	65120	471392
20140508 0.212338	0	4065	271	4064	731	4065	65120	471392
20140508 0.212338	500	4065	311	4064	724	4064	65122	471392
20140508 0.212339	0	4065	313	4064	724	4065	65138	471384
20140508 0.212339	500	4065	313	4064	724	4065	65142	471384
20140508 0.21234	0	4065	309	4064	727	4065	65154	471384
20140508 0.21234	500	4065	297	4064	726	4065	65154	471384
20140508 0.212341	0	4065	288	4064	727	4065	65176	471384
20140508 0.212341	500	4065	246	4064	716	4064	65204	471378
20140508 0.212342	0	4065	199	4064	696	4064	65344	471434
20140508 0.212342	500	4065	195	4064	685	4065	65366	471436
20140508 0.212343	0	4065	266	4064	673	4064	65390	471434
20140508 0.212343	500	4065	196	4064	672	4065	65394	471436
20140508 0.212344	0	4065	194	4064	673	4065	65400	471438
20140508 0.212344	500	4065	195	4064	679	4065	65400	471438
20140508 0.212345	0	4065	194	4064	681	4065	65402	471438
20140508 0.212345	500	4065	197	4064	678	4065	65402	471438
20140508 0.212346	0	4065	197	4064	670	4064	65422	471438
20140508 0.212346	500	4065	203	4064	671	4065	65424	471440
20140508 0.212347	0	4065	267	4064	666	4064	65438	471446
20140508 0.212347	500	4065	326	4064	664	4064	65438	471446
20140508 0.212348	0	4065	322	4064	664	4065	65450	471446
20140508 0.212348	500	4065	317	4064	661	4064	65460	471456
20140508 0.212349	0	4065	319	4064	661	4065	65462	471456
20140508 0.212349	500	4065	331	4064	661	4065	65462	471456
20140508 0.21235	0	4065	343	4064	651	4064	65472	471462
20140508 0.21235	500	4065	285	4064	649	4064	65474	471464
20140508 0.212351	0	4065	284	4064	626	4064	65476	471462
20140508 0.212351	500	4065	285	4064	627	4064	65480	471462
20140508 0.212352	0	4065	286	4064	632	4064	65484	471460
20140508 0.212352	500	4065	285	4064	631	4064	65488	471460
20140508 0.212353	0	4065	287	4064	588	4064	65494	471458
20140508 0.212353	500	4065	284	4064	429	4064	65730	471600
20140508 0.212354	0	4065	331	4064	82	4064	66424	471874
20140508 0.212354	500	4064	548	4063	597	4064	66598	472004
20140508 0.212355	0	4064	646	4063	570	4063	66630	471996
20140508 0.212355	500	4064	622	4063	408	4063	67004	472054
20140508 0.212356	0	4064	596	4063	348	4063	67044	472028
20140508 0.212356	500	4064	536	4063	278	4063	67188	471994
20140508 0.212357	0	4064	498	4063	276	4064	67224	472004
20140508 0.212357	500	4064	493	4063	263	4063	67252	472004
20140508 0.212358	0	4064	451	4063	264	4063	67356	472106
20140508 0.212358	500	4064	447	4063	299	4063	67376	472106
20140508 0.212359	0	4064	446	4063	289	4064	67390	472104
20140508 0.212359	500	4064	450	4063	286	4063	67400	472102
20140508 0.2124	0	4064	449	4063	272	4063	67438	472134
20140508 0.2124	500	4064	446	4063	267	4063	67454	472148
20140508 0.212401	0	4064	453	4063	265	4063	67462	472154
20140508 0.212401	500	4064	451	4063	267	4063	67470	472154
20140508 0.212402	0	4064	451	4063	252	4063	67510	472160
20140508 0.212402	500	4064	452	4063	247	4063	67520	472162
20140508 0.212403	0	4064	453	4063	243	4063	67534	472162
20140508 0.212403	500	4064	455	4063	225	4063	67570	472150
20140508 0.212404	0	4064	425	4063	291	4063	67642	472208
20140508 0.212404	500	4064	425	4063	293	4064	67658	472206
20140508 0.212405	0	4064	418	4063	304	4064	67672	472220
20140508 0.212405	500	4064	420	4063	326	4063	67676	472220
20140508 0.212406	0	4064	423	4063	331	4063	67694	472218
20140508 0.212406	500	4064	423	4063	340	4064	67700	472220
20140508 0.212407	0	4064	421	4063	363	4064	67700	472220
20140508 0.212407	500	4064	421	4063	363	4064	67718	472218
20140508 0.212408	0	4064	427	4063	361	4063	67732	472214
20140508 0.212408	500	4064	428	4063	339	4063	67782	472214
20140508 0.212409	0	4064	421	4063	334	4063	67820	472234
20140508 0.212409	500	4064	423	4063	340	4063	67836	472234
20140508 0.21241	0	4064	422	4063	376	4063	67848	472246
20140508 0.21241	500	4064	409	4063	393	4064	67852	472250
20140508 0.212411	0	4064	410	4063	475	4063	67864	472262
20140508 0.212411	500	4064	319	4063	429	4063	68072	472320
20140508 0.212412	0	4064	120	4063	427	4064	68472	472316
20140508 0.212412	500	4065	300	4064	270	4064	68742	472356
20140508 0.212413	0	4065	293	4064	457	4065	68756	472356
20140508 0.212413	500	4065	249	4064	497	4064	68766	472360
20140508 0.212414	0	4065	249	4064	496	4064	68768	472360
20140508 0.212414	500	4065	248	4064	503	4064	68774	472354
20140508 0.212415	0	4065	248	4064	504	4064	68776	472354
20140508 0.212415	500	4065	264	4064	499	4065	68782	472354
20140508 0.212416	0	4065	297	4064	409	4065	68782	472354
20140508 0.212416	500	4065	352	4064	407	4064	68788	472360
20140508 0.212417	0	4065	344	4064	402	4064	68810	472382
20140508 0.212417	500	4065	352	4064	403	4064	68810	472382
20140508 0.212418	0	4065	352	4064	401	4064	68822	472394
20140508 0.212418	500	4065	355	4064	403	4064	68824	472396
20140508 0.212419	0	4065	386	4064	405	4064	68828	472400
20140508 0.212419	500	4065	393	4064	406	4065	68834	472404
20140508 0.21242	0	4065	401	4064	407	4065	68834	472404
20140508 0.21242	500	4065	373	4064	407	4065	68894	472392
20140508 0.212421	0	4065	369	4064	400	4064	68914	472408
20140508 0.212421	500	4065	371	4064	400	4064	68914	472408
20140508 0.212422	0	4065	374	4064	335	4064	69048	472314
20140508 0.212422	500	4065	390	4064	339	4064	69048	472314
20140508 0.212423	0	4065	391	4064	359	4064	69052	472312
20140508 0.212423	500	4065	399	4064	356	4064	69056	472310
20140508 0.212424	0	4065	400	4064	359	4064	69056	472310
20140508 0.212424	500	4065	400	4064	407	4065	69058	472308
20140508 0.212425	0	4065	397	4064	395	4064	69086	472288
20140508 0.212425	500	4065	398	4064	395	4064	69086	472288
20140508 0.212426	0	4065	408	4064	410	4064	69088	472288
20140508 0.212426	500	4065	407	4064	415	4065	69090	472288
20140508 0.212427	0	4065	408	4064	414	4064	69092	472286
20140508 0.212427	500	4065	406	4064	413	4065	69096	472284
20140508 0.212428	0	4065	407	4064	413	4065	69096	472284
20140508 0.212428	500	4065	409	4064	415	4065	69102	472278
20140508 0.212429	0	4065	409	4064	420	4065	69102	472278
20140508 0.212429	500	4065	411	4064	421	4064	69104	472278
20140508 0.21243	0	4065	413	4064	416	4064	69114	472268
20140508 0.21243	500	4065	430	4064	417	4064	69114	472268
20140508 0.212431	0	4065	429	4064	418	4065	69116	472268
20140508 0.212431	500	4065	429	4064	401	4064	69156	472268
20140508 0.212432	0	4065	440	4064	399	4064	69158	472266
20140508 0.212432	500	4065	443	4064	399	4064	69158	472266
20140508 0.212433	0	4065	444	4064	402	4064	69164	472266
20140508 0.212433	500	4065	451	4064	402	4064	69166	472266
20140508 0.212434	0	4065	450	4064	382	4065	69172	472266
20140508 0.212434	500	4065	451	4064	434	4065	69172	472266
20140508 0.212435	0	4065	451	4064	425	4064	69190	472258
20140508 0.212435	500	4065	460	4064	426	4065	69192	472256
20140508 0.212436	0	4065	473	4064	426	4065	69194	472256
20140508 0.212436	500	4065	476	4064	432	4064	69196	472256
20140508 0.212437	0	4065	479	4064	434	4064	69196	472256
20140508 0.212437	500	4065	480	4064	434	4064	69196	472256
20140508 0.212438	0	4065	481	4064	434	4064	69196	472256
20140508 0.212438	500	4065	481	4064	438	4065	69202	472250
20140508 0.212439	0	4065	481	4064	443	4065	69202	472250
20140508 0.212439	500	4065	482	4064	457	4064	69214	472250
20140508 0.21244	0	4065	488	4064	455	4064	69218	472250
20140508 0.21244	500	4065	489	4064	454	4064	69220	472248
20140508 0.212441	0	4065	489	4064	453	4064	69220	472248
20140508 0.212441	500	4065	489	4064	454	4064	69220	472248
20140508 0.212442	0	4065	475	4064	453	4064	69222	472248
20140508 0.212442	500	4065	525	4064	454	4065	69226	472250
20140508 0.212443	0	4065	527	4064	456	4065	69226	472250
20140508 0.212443	500	4065	526	4064	461	4065	69234	472250
20140508 0.212444	0	4065	529	4064	459	4064	69240	472244
20140508 0.212444	500	4065	529	4064	459	4064	69240	472244
20140508 0.212445	0	4065	529	4064	458	4064	69242	472244
20140508 0.212445	500	4065	529	4064	460	4064	69242	472244
20140508 0.212446	0	4065	530	4064	460	4064	69242	472244
20140508 0.212446	500	4065	479	4064	459	4065	69346	472342
20140508 0.212447	0	4065	480	4064	482	4064	69348	472340
20140508 0.212447	500	4065	481	4064	483	4064	69348	472340
20140508 0.212448	0	4065	482	4064	484	4064	69348	472340
20140508 0.212448	500	4065	487	4064	490	4064	69348	472340
20140508 0.212449	0	4065	470	4064	489	4065	69390	472378
20140508 0.212449	500	4065	490	4064	491	4064	69392	472376
20140508 0.21245	0	4065	540	4064	506	4064	69392	472376
20140508 0.21245	500	4065	539	4064	508	4064	69396	472376
20140508 0.212451	0	4065	538	4064	507	4064	69396	472376
20140508 0.212451	500	4065	538	4064	509	4064	69396	472376
20140508 0.212452	0	4065	544	4064	509	4064	69396	472376
20140508 0.212452	500	4065	544	4064	519	4064	69396	472376
20140508 0.212453	0	4065	543	4064	513	4065	69398	472378
20140508 0.212453	500	4065	544	4064	516	4065	69398	472378
20140508 0.212454	0	4065	543	4064	567	4065	69400	472378
20140508 0.212454	500	4065	546	4064	568	4065	69402	472380
20140508 0.212455	0	4065	556	4064	566	4064	69408	472380
20140508 0.212455	500	4065	556	4064	564	4064	69410	472380
20140508 0.212456	0	4065	557	4064	564	4064	69412	472378
20140508 0.212456	500	4065	554	4064	564	4064	69412	472378
20140508 0.212457	0	4065	548	4064	573	4065	69424	472390
20140508 0.212457	500	4065	547	4064	567	4064	69426	472390
20140508 0.212458	0	4065	547	4064	563	4064	69434	472390
20140508 0.212458	500	4065	549	4064	563	4064	69434	472390
20140508 0.212459	0	4065	549	4064	603	4064	69438	472388
20140508 0.212459	500	4065	561	4064	603	4064	69438	472388
20140508 0.2125	0	4065	567	4064	603	4064	69438	472388
20140508 0.2125	500	4065	566	4064	603	4065	69440	472390
20140508 0.212501	0	4065	566	4064	603	4064	69442	472388
20140508 0.212501	500	4065	567	4064	604	4064	69442	472388
20140508 0.212502	0	4065	565	4064	605	4064	69446	472390
20140508 0.212502	500	4065	565	4064	605	4064	69446	472390
20140508 0.212503	0	4065	564	4064	606	4065	69448	472392
20140508 0.212503	500	4065	563	4064	606	4065	69450	472392
20140508 0.212504	0	4065	565	4064	609	4065	69450	472392
20140508 0.212504	500	4065	565	4064	609	4065	69450	472392
20140508 0.212505	0	4065	565	4064	607	4065	69454	472392
20140508 0.212505	500	4065	557	4064	608	4065	69474	472412
20140508 0.212506	0	4065	556	4064	628	4065	69476	472412
20140508 0.212506	500	4065	562	4064	641	4065	69478	472414
20140508 0.212507	0	4065	561	4064	641	4065	69480	472414
20140508 0.212507	500	4065	561	4064	643	4065	69480	472414
20140508 0.212508	0	4065	566	4064	653	4065	69480	472414
20140508 0.212508	500	4065	568	4064	659	4065	69486	472414
20140508 0.212509	0	4065	498	4064	663	4065	69628	472474
20140508 0.212509	500	4065	498	4064	669	4065	69628	472474
20140508 0.21251	0	4065	498	4064	678	4065	69628	472474
20140508 0.21251	500	4065	496	4064	685	4064	69648	472474
20140508 0.212511	0	4065	494	4064	688	4065	69652	472470
20140508 0.212511	500	4065	493	4064	688	4065	69654	472468
20140508 0.212512	0	4065	488	4064	731	4065	69662	472466
20140508 0.212512	500	4065	487	4064	660	4064	69806	472464
20140508 0.212513	0	4065	491	4064	644	4064	69806	472464
20140508 0.212513	500	4065	494	4064	644	4065	69810	472464
20140508 0.212514	0	4065	489	4064	644	4064	69812	472464
20140508 0.212514	500	4065	488	4064	656	4065	69814	472464
20140508 0.212515	0	4065	489	4064	656	4065	69816	472462
20140508 0.212515	500	4065	488	4064	656	4065	69820	472462
20140508 0.212516	0	4065	486	4064	657	4065	69824	472464
20140508 0.212517	0	4065	486	4064	674	4064	69826	472464
20140508 0.212517	500	4065	494	4064	675	4065	69828	472462
20140508 0.212518	0	4065	493	4064	677	4065	69828	472462
20140508 0.212518	500	4065	495	4064	677	4064	69836	472464
20140508 0.212519	0	4065	441	4064	678	4064	69836	472464
20140508 0.212519	500	4065	445	4064	678	4064	69836	472464
20140508 0.21252	0	4065	448	4064	678	4065	69840	472464
20140508 0.21252	500	4065	448	4064	684	4065	69840	472464
20140508 0.212521	0	4065	444	4064	697	4065	69846	472466
20140508 0.212521	500	4065	454	4064	656	4065	69852	472468
20140508 0.212522	0	4065	441	4064	660	4065	69852	472468
20140508 0.212522	500	4065	440	4064	662	4065	69854	472470
20140508 0.212523	0	4065	440	4064	591	4064	69998	472470
20140508 0.212523	500	4065	458	4064	551	4064	69998	472470
20140508 0.212524	0	4065	458	4064	550	4065	70004	472474
20140508 0.212524	500	4065	457	4064	551	4065	70006	472474
20140508 0.212525	0	4065	445	4064	556	4065	70006	472474
20140508 0.212525	500	4065	429	4064	558	4065	70040	472508
20140508 0.212526	0	4065	434	4064	558	4065	70040	472508
20140508 0.212526	500	4065	433	4064	559	4065	70042	472510
20140508 0.212527	0	4065	431	4064	551	4065	70066	472514
20140508 0.212527	500	4065	431	4064	551	4065	70066	472514
20140508 0.212528	0	4065	431	4064	552	4064	70070	472514
20140508 0.212528	500	4065	431	4064	552	4064	70070	472514
20140508 0.212529	0	4065	431	4064	542	4064	70088	472514
20140508 0.212529	500	4065	431	4064	594	4064	70088	472514
20140508 0.21253	0	4065	431	4064	595	4064	70088	472514
20140508 0.21253	500	4065	430	4064	701	4065	70090	472512
20140508 0.212531	0	4065	424	4064	704	4065	70090	472512
20140508 0.212531	500	4065	424	4064	717	4065	70090	472512
20140508 0.212532	0	4065	423	4064	777	4065	70090	472512
20140508 0.212532	500	4065	423	4064	777	4065	70094	472510
20140508 0.212533	0	4065	415	4064	777	4065	70098	472512
20140508 0.212533	500	4065	416	4064	766	4065	70098	472512
20140508 0.212534	0	4065	418	4064	739	4064	70100	472512
20140508 0.212534	500	4065	418	4064	769	4065	70102	472514
20140508 0.212535	0	4065	411	4064	769	4065	70116	472522
20140508 0.212535	500	4065	403	4064	769	4065	70132	472534
20140508 0.212536	0	4065	404	4064	782	4065	70132	472534
20140508 0.212536	500	4065	405	4064	770	4065	70132	472534
20140508 0.212537	0	4065	405	4064	779	4064	70134	472532
20140508 0.212537	500	4065	399	4064	794	4065	70136	472532
20140508 0.212538	0	4065	399	4064	794	4065	70136	472532
20140508 0.212538	500	4065	406	4064	794	4065	70136	472532
20140508 0.212539	0	4065	406	4064	792	4065	70138	472532
20140508 0.212539	500	4065	389	4064	792	4065	70174	472546
20140508 0.21254	0	4065	388	4064	791	4065	70180	472544
20140508 0.21254	500	4065	387	4064	791	4065	70182	472542
20140508 0.212541	0	4065	383	4064	792	4065	70182	472542
20140508 0.212541	500	4065	382	4064	762	4065	70184	472540
20140508 0.212542	0	4065	381	4064	761	4065	70188	472540
20140508 0.212542	500	4065	381	4064	768	4065	70188	472540
20140508 0.212543	0	4065	381	4064	763	4064	70196	472532
20140508 0.212543	500	4065	375	4064	766	4065	70218	472530
20140508 0.212544	0	4065	365	4064	768	4065	70240	472524
20140508 0.212544	500	4065	364	4064	770	4065	70242	472522
20140508 0.212545	0	4065	365	4064	771	4065	70242	472522
20140508 0.212545	500	4065	366	4064	771	4064	70248	472526
20140508 0.212546	0	4065	368	4064	759	4064	70248	472526
20140508 0.212546	500	4065	348	4064	761	4065	70288	472538
20140508 0.212547	0	4065	309	4064	761	4065	70368	472574
20140508 0.212547	500	4065	308	4064	774	4065	70372	472574
20140508 0.212548	0	4065	301	4064	775	4065	70386	472566
20140508 0.212548	500	4065	302	4064	775	4065	70396	472566
20140508 0.212549	0	4065	302	4064	775	4065	70396	472566
20140508 0.212549	500	4065	296	4064	776	4065	70418	472586
20140508 0.21255	0	4065	299	4064	773	4065	70418	472586
20140508 0.21255	500	4065	293	4064	773	4065	70430	472586
20140508 0.212551	0	4065	292	4064	773	4065	70432	472586
20140508 0.212551	500	4065	278	4064	784	4065	70454	472606
20140508 0.212552	0	4065	276	4064	781	4065	70456	472608
20140508 0.212552	500	4065	230	4064	781	4065	70548	472664
20140508 0.212553	0	4065	230	4064	783	4064	70550	472666
20140508 0.212553	500	4065	206	4064	764	4065	70598	472658
20140508 0.212554	0	4065	190	4064	762	4065	70630	472678
20140508 0.212554	500	4065	181	4064	767	4065	70648	472682
20140508 0.212555	0	4065	177	4064	768	4065	70658	472690
20140508 0.212555	500	4065	173	4064	766	4064	70664	472694
20140508 0.212556	0	4065	171	4064	747	4065	70668	472694
20140508 0.212556	500	4065	132	4064	748	4065	70746	472682
20140508 0.212557	0	4065	130	4064	742	4065	70748	472682
20140508 0.212557	500	4065	127	4064	744	4065	70754	472686
20140508 0.212558	0	4065	132	4064	744	4065	70758	472688
20140508 0.212714	500	4062	246	4061	304	4061	76124	474152
20140508 0.212715	0	4062	275	4061	317	4061	76134	474160
20140508 0.212715	500	4062	253	4061	309	4062	76162	474186
20140508 0.212716	0	4062	249	4061	301	4061	76180	474194
20140508 0.212716	500	4062	244	4061	374	4062	76218	474206
20140508 0.212717	0	4062	240	4061	359	4062	76270	474216
20140508 0.212717	500	4062	239	4061	355	4061	76306	474238
20140508 0.212718	0	4062	248	4061	351	4061	76318	474250
20140508 0.212718	500	4062	277	4061	366	4061	76322	474250
20140508 0.212719	0	4062	335	4061	369	4061	76346	474262
20140508 0.212719	500	4062	332	4061	367	4061	76370	474286
20140508 0.21272	0	4062	332	4061	372	4062	76372	474288
20140508 0.21272	500	4062	335	4061	345	4061	76440	474316
20140508 0.212721	0	4062	335	4061	389	4062	76448	474318
20140508 0.212721	500	4062	125	4061	431	4062	76872	474234
20140508 0.212722	0	4063	437	4062	21	4062	77134	474230
20140508 0.212722	500	4063	422	4062	395	4063	77162	474244
20140508 0.212723	0	4063	400	4062	464	4063	77228	474264
20140508 0.212723	500	4063	361	4062	514	4062	77288	474282
20140508 0.212724	0	4063	300	4062	494	4063	77418	474324
20140508 0.212724	500	4063	295	4062	568	4062	77436	474330
20140508 0.212725	0	4063	294	4062	530	4062	77596	474330
20140508 0.212802	0	4063	459	4062	151	4062	80116	474630
20140508 0.212802	500	4063	466	4062	144	4062	80130	474626
20140508 0.212803	0	4063	468	4062	146	4062	80132	474626
20140508 0.212803	500	4063	470	4062	162	4062	80136	474624
20140508 0.212804	0	4063	469	4062	159	4062	80146	474620
20140508 0.212804	500	4063	458	4062	166	4062	80146	474620
20140508 0.212805	0	4063	464	4062	173	4062	80156	474610
20140508 0.212805	500	4063	464	4062	182	4062	80156	474610
20140508 0.212806	0	4063	476	4062	134	4062	80176	474610
20140508 0.212806	500	4063	479	4062	273	4062	80178	474610
20140508 0.212807	0	4063	466	4062	275	4062	80180	474610
20140508 0.212807	500	4063	466	4062	345	4062	80180	474610
20140508 0.212808	0	4063	464	4062	404	4063	80182	474612
20140508 0.212808	500	4063	424	4062	414	4062	80184	474612
20140508 0.212809	0	4063	445	4062	414	4062	80184	474612
20140508 0.212809	500	4063	450	4062	426	4063	80190	474614
20140508 0.21281	0	4063	455	4062	427	4063	80190	474614
20140508 0.21281	500	4063	465	4062	427	4062	80192	474616
20140508 0.212811	0	4063	463	4062	428	4063	80194	474618
20140508 0.212811	500	4063	443	4062	481	4063	80234	474658
20140508 0.212812	0	4063	445	4062	504	4063	80236	474658
20140508 0.212812	500	4063	449	4062	493	4062	80238	474660
20140508 0.212813	0	4063	438	4062	481	4063	80240	474660
20140508 0.212813	500	4063	444	4062	508	4062	80248	474668
20140508 0.212814	0	4063	444	4062	509	4062	80248	474668
20140508 0.212814	500	4063	443	4062	513	4062	80252	474670
20140508 0.212815	0	4063	453	4062	519	4063	80256	474672
20140508 0.212815	500	4063	455	4062	519	4063	80256	474672
20140508 0.212816	0	4063	455	4062	522	4062	80258	474670
20140508 0.212816	500	4063	455	4062	481	4063	80264	474670
20140508 0.212817	0	4063	457	4062	521	4063	80268	474670
20140508 0.212817	500	4063	458	4062	517	4062	80288	474654
20140508 0.212818	0	4063	459	4062	518	4063	80290	474654
20140508 0.212818	500	4063	459	4062	519	4062	80292	474654
20140508 0.212819	0	4063	469	4062	526	4062	80292	474654
20140508 0.212819	500	4063	469	4062	530	4062	80292	474654
20140508 0.21282	0	4063	533	4062	492	4062	80292	474654
20140508 0.21282	500	4063	535	4062	492	4063	80294	474654
20140508 0.212821	0	4063	491	4062	451	4062	80398	474726
20140508 0.212821	500	4063	491	4062	453	4063	80400	474726
20140508 0.212822	0	4063	466	4062	412	4062	80480	474758
20140508 0.212822	500	4063	468	4062	399	4063	80482	474758
20140508 0.212823	0	4063	459	4062	331	4062	80556	474802
20140508 0.212823	500	4063	463	4062	317	4062	80578	474812
20140508 0.212824	0	4063	473	4062	275	4062	80580	474814
20140508 0.212824	500	4063	485	4062	272	4062	80588	474822
20140508 0.212825	0	4063	500	4062	235	4062	80664	474874
20140508 0.212825	500	4063	512	4062	235	4062	80668	474876
20140508 0.212826	0	4063	514	4062	226	4062	80684	474876
20140508 0.212826	500	4063	544	4062	261	4062	80692	474880
20140508 0.212827	0	4063	545	4062	260	4062	80696	474884
20140508 0.212827	500	4063	642	4062	152	4062	80914	475082
20140508 0.212828	0	4062	454	4061	593	4062	81672	475590
20140508 0.212828	500	4061	69	4060	797	4061	82916	476400
20140508 0.212829	0	4061	94	4060	795	4061	83002	476400
20140508 0.212829	500	4061	383	4060	746	4061	83208	476486
20140508 0.21283	0	4061	325	4060	589	4060	83480	476520
20140508 0.21283	500	4061	212	4060	460	4061	83768	476528
20140508 0.212831	0	4061	157	4060	270	4060	84120	476464
20140508 0.212831	500	4061	181	4060	255	4060	84148	476470
20140508 0.212832	0	4061	186	4060	175	4060	84320	476484
20140508 0.212832	500	4060	15	4059	218	4060	84678	476360
20140508 0.212833	0	4061	193	4060	26	4060	84776	476328
20140508 0.212833	500	4061	265	4059	288	4060	84858	476288
20140508 0.212834	0	4061	275	4059	207	4059	84866	476286
20140508 0.212834	500	4060	2	4059	100	4059	85082	476246
20140508 0.212835	0	4060	156	4059	80	4059	85412	476336
20140508 0.212835	500	4061	357	4060	312	4060	85792	476694
20140508 0.212836	0	4061	421	4060	324	4060	85986	476886
20140508 0.212836	500	4061	384	4060	302	4060	86034	476934
20140508 0.212837	0	4061	387	4060	147	4060	86168	477058
20140508 0.212837	500	4061	389	4060	6	4060	86456	477252
20140508 0.212838	0	4060	22	4059	180	4060	86482	477272
20140508 0.212838	500	4060	53	4059	233	4060	86492	477274
20140508 0.212839	0	4060	77	4059	284	4060	86532	477282
20140508 0.212839	500	4061	399	4060	32	4060	86742	477200
20140508 0.21284	0	4061	381	4060	152	4060	86884	477078
20140508 0.21284	500	4061	383	4060	187	4060	87006	477086
20140508 0.212841	0	4061	375	4060	150	4060	87072	477044
20140508 0.212841	500	4061	377	4060	25	4060	87342	477040
20140508 0.212842	0	4061	386	4060	25	4061	87356	477040
20140508 0.212842	500	4061	370	4060	11	4060	87390	477030
20140508 0.212843	0	4060	11	4059	302	4060	87482	477030
20140508 0.212843	500	4060	13	4059	352	4060	87578	477034
20140508 0.212844	0	4061	395	4060	12	4060	87612	477048
20140508 0.212844	500	4061	387	4060	64	4061	87644	477062
20140508 0.212845	0	4061	376	4060	38	4060	87786	477080
20140508 0.212845	500	4060	8	4059	358	4060	87794	477082
20140508 0.212846	0	4061	363	4060	17	4060	87824	477096
20140508 0.212846	500	4061	354	4060	76	4060	87834	477098
20140508 0.212847	0	4061	352	4060	226	4060	87848	477110
20140508 0.212847	500	4061	280	4060	339	4060	87920	477164
20140508 0.212848	0	4061	197	4060	396	4060	87960	477194
20140508 0.212848	500	4061	191	4060	276	4060	88398	477496
20140508 0.212849	0	4061	289	4060	293	4060	88462	477496
20140508 0.212849	500	4061	372	4060	314	4060	88470	477496
20140508 0.21285	0	4061	434	4060	306	4060	88506	477484
20140508 0.21285	500	4061	435	4060	268	4060	88520	477476
20140508 0.212851	0	4061	430	4060	154	4060	88764	477612
20140508 0.212851	500	4061	484	4060	116	4060	88834	477638
20140508 0.212852	0	4061	428	4060	118	4060	88864	477624
20140508 0.212852	500	4061	428	4060	92	4060	88918	477624
20140508 0.212853	0	4061	429	4060	46	4060	88954	477622
20140508 0.212853	500	4060	70	4059	346	4060	89100	477674
20140508 0.212854	0	4060	80	4059	346	4059	89198	477690
20140508 0.212854	500	4060	93	4059	345	4059	89364	477578
20140508 0.212855	0	4060	146	4059	346	4060	89372	477578
20140508 0.212855	500	4060	138	4059	339	4060	89414	477584
20140508 0.212856	0	4060	137	4059	334	4060	89442	477578
20140508 0.212856	500	4060	143	4059	327	4059	89472	477594
20140508 0.212857	0	4060	136	4059	331	4060	89502	477600
20140508 0.212857	500	4060	178	4059	319	4059	89544	477588
20140508 0.212858	0	4060	175	4059	303	4060	89594	477622
20140508 0.212858	500	4060	163	4059	307	4059	89628	477602
20140508 0.212859	0	4060	159	4059	305	4060	89650	477612
20140508 0.212859	500	4060	5	4059	279	4059	90020	477546
20140508 0.2129	0	4061	505	4060	26	4060	90086	477528
20140508 0.2129	500	4061	480	4060	222	4061	90094	477536
20140508 0.212901	0	4060	22	4059	257	4060	90510	477744
20140508 0.212901	500	4060	165	4059	259	4059	90550	477768
20140508 0.212902	0	4060	309	4059	247	4060	90566	477780
20140508 0.212902	500	4060	349	4059	201	4060	90652	477794
20140508 0.212903	0	4060	450	4059	218	4060	90662	477790
20140508 0.212903	500	4060	400	4059	207	4059	90686	477780
20140508 0.212904	0	4060	301	4059	233	4060	90890	477784
20140508 0.212904	500	4060	291	4059	155	4060	91060	477848
20140508 0.212905	0	4060	305	4059	156	4060	91072	477858
20140508 0.212905	500	4060	311	4059	129	4059	91112	477846
20140508 0.212906	0	4060	312	4059	125	4060	91130	477852
20140508 0.212906	500	4060	302	4059	164	4060	91154	477874
20140508 0.212907	0	4060	296	4059	97	4059	91294	477952
20140508 0.212907	500	4060	314	4059	105	4059	91310	477964
20140508 0.212908	0	4060	312	4059	596	4060	91338	477982
20140508 0.212908	500	4060	203	4059	644	4060	91536	477888
20140508 0.212909	0	4060	120	4059	718	4060	91708	477812
20140508 0.212909	500	4060	40	4059	724	4060	91888	477976
20140508 0.21291	0	4061	407	4060	22	4059	91990	478034
20140508 0.21291	500	4061	410	4060	109	4061	92138	478020
20140508 0.212911	0	4061	221	4060	33	4060	92758	477912
20140508 0.212911	500	4061	207	4060	74	4060	92772	477914
20140508 0.212912	0	4061	159	4060	204	4061	92832	477914
20140508 0.212912	500	4061	97	4060	375	4061	92956	477980
20140508 0.212913	0	4062	504	4061	133	4061	93158	477958
20140508 0.212913	500	4062	494	4060	351	4060	93596	478290
20140508 0.212914	0	4062	501	4060	496	4060	93600	478294
20140508 0.212914	500	4061	1	4060	476	4061	93650	478338
20140508 0.212915	0	4061	103	4060	434	4060	93740	478410
20140508 0.212915	500	4061	248	4060	288	4060	93742	478412
20140508 0.212916	0	4061	262	4060	282	4060	93762	478432
20140508 0.212916	500	4061	342	4060	292	4060	93770	478434
20140508 0.212917	0	4061	345	4060	242	4060	93774	478438
20140508 0.212917	500	4061	351	4060	243	4061	93796	478460
20140508 0.212918	0	4061	355	4060	242	4061	93808	478462
20140508 0.212918	500	4061	354	4060	249	4060	93816	478470
20140508 0.212919	0	4061	410	4060	301	4060	93816	478470
20140508 0.212919	500	4061	428	4060	307	4061	93822	478472
20140508 0.21292	0	4061	414	4060	327	4061	93856	478472
20140508 0.21292	500	4061	413	4060	322	4060	93878	478472
20140508 0.212921	0	4061	429	4060	228	4060	94076	478462
20140508 0.212921	500	4061	512	4060	231	4060	94076	478462
20140508 0.212922	0	4061	524	4060	251	4061	94078	478464
20140508 0.212922	500	4061	522	4060	261	4061	94086	478470
20140508 0.212923	0	4061	542	4060	273	4061	94088	478472
20140508 0.212923	500	4061	542	4060	277	4060	94090	478474
20140508 0.212924	0	4061	533	4060	283	4061	94114	478490
20140508 0.212924	500	4061	532	4060	314	4060	94116	478490
20140508 0.212925	0	4061	530	4060	318	4061	94120	478494
20140508 0.212925	500	4061	517	4060	320	4061	94120	478494
20140508 0.212926	0	4061	547	4060	325	4061	94120	478494
20140508 0.212926	500	4061	533	4060	361	4061	94158	478496
20140508 0.212927	0	4061	539	4060	349	4060	94160	478498
20140508 0.212927	500	4061	537	4060	349	4061	94166	478504
20140508 0.212928	0	4061	537	4060	363	4060	94172	478506
20140508 0.212928	500	4061	538	4060	374	4061	94174	478506
20140508 0.212929	0	4061	451	4060	392	4061	94288	478462
20140508 0.212929	500	4061	395	4060	540	4061	94380	478372
20140508 0.21293	0	4061	75	4060	567	4061	95038	478272
20140508 0.21293	500	4062	656	4061	380	4061	95196	478184
20140508 0.212931	0	4062	641	4061	382	4062	95210	478186
20140508 0.212931	500	4062	760	4061	367	4062	95212	478186
20140508 0.212932	0	4062	753	4061	338	4062	95230	478186
20140508 0.212932	500	4062	754	4061	338	4061	95238	478186
20140508 0.212933	0	4062	737	4061	239	4062	95244	478188
20140508 0.212933	500	4062	751	4061	242	4062	95244	478188
20140508 0.212934	0	4062	751	4061	240	4061	95248	478188
20140508 0.212934	500	4062	754	4061	240	4062	95250	478190
20140508 0.212935	0	4062	762	4061	241	4061	95258	478198
20140508 0.212935	500	4062	764	4061	236	4061	95270	478200
20140508 0.212936	0	4062	766	4061	236	4061	95272	478202
20140508 0.212936	500	4062	765	4061	237	4062	95276	478202
20140508 0.212937	0	4062	747	4061	226	4061	95340	478214
20140508 0.212937	500	4062	747	4061	227	4061	95342	478214
20140508 0.212938	0	4062	751	4061	230	4062	95346	478214
20140508 0.212938	500	4062	750	4061	235	4062	95392	478168
20140508 0.212939	0	4062	756	4061	225	4061	95414	478184
20140508 0.212939	500	4062	761	4061	230	4061	95428	478180
20140508 0.21294	0	4062	758	4061	232	4062	95438	478182
20140508 0.21294	500	4062	758	4061	215	4061	95482	478196
20140508 0.212941	0	4062	758	4061	195	4061	95522	478156
20140508 0.212941	500	4062	765	4061	204	4061	95536	478148
20140508 0.212942	0	4062	766	4061	189	4061	95566	478148
20140508 0.212942	500	4062	764	4061	191	4062	95576	478142
20140508 0.212943	0	4062	767	4061	186	4061	95588	478132
20140508 0.212943	500	4062	760	4061	185	4061	95612	478114
20140508 0.212944	0	4062	760	4061	190	4062	95620	478108
20140508 0.212944	500	4062	759	4061	191	4062	95624	478108
20140508 0.212945	0	4062	759	4061	192	4061	95626	478108
20140508 0.212945	500	4062	760	4061	199	4061	95626	478108
20140508 0.212946	0	4062	760	4061	203	4062	95636	478106
20140508 0.212946	500	4062	763	4061	211	4062	95638	478106
20140508 0.212947	0	4062	764	4061	215	4062	95638	478106
20140508 0.212947	500	4062	758	4061	214	4062	95656	478094
20140508 0.212948	0	4062	758	4061	266	4062	95658	478094
20140508 0.212948	500	4062	757	4061	390	4062	95660	478094
20140508 0.212949	0	4062	756	4061	393	4061	95664	478094
20140508 0.212949	500	4062	753	4061	394	4061	95664	478094
20140508 0.21295	0	4062	754	4061	406	4061	95664	478094
20140508 0.21295	500	4062	754	4061	406	4061	95668	478094
20140508 0.212951	0	4062	777	4061	405	4062	95678	478090
20140508 0.212951	500	4062	769	4061	408	4062	95694	478086
20140508 0.212952	0	4062	767	4061	413	4062	95698	478086
20140508 0.212952	500	4062	728	4061	414	4062	95700	478084
20140508 0.212953	0	4062	747	4061	440	4061	95708	478084
20140508 0.212953	500	4062	750	4061	442	4061	95708	478084
20140508 0.212954	0	4062	750	4061	443	4062	95712	478080
20140508 0.212954	500	4062	732	4061	434	4062	95748	478044
20140508 0.212955	0	4062	728	4061	439	4062	95772	478022
20140508 0.212955	500	4062	724	4061	435	4062	95812	477998
20140508 0.212956	0	4062	700	4061	429	4062	95834	477982
20140508 0.212956	500	4062	698	4061	421	4061	95848	477982
20140508 0.212957	0	4062	623	4061	417	4062	95858	477974
20140508 0.212957	500	4062	600	4061	420	4062	95884	477954
20140508 0.212958	0	4062	602	4061	456	4062	95884	477954
20140508 0.212958	500	4062	603	4061	498	4062	95884	477954
20140508 0.212959	0	4062	596	4061	499	4062	95898	477946
20140508 0.212959	500	4062	598	4061	507	4062	95910	477956
20140508 0.213	0	4062	496	4061	527	4062	96116	478060
20140508 0.213	500	4062	466	4061	508	4062	96172	478008
20140508 0.213001	0	4062	475	4061	510	4062	96184	478002
20140508 0.213001	500	4062	472	4061	513	4062	96184	478002
20140508 0.213002	0	4062	470	4061	514	4062	96188	478000
20140508 0.213002	500	4062	507	4061	515	4062	96198	477990
20140508 0.213003	0	4062	511	4061	515	4062	96198	477990
20140508 0.213003	500	4062	523	4061	516	4062	96216	477982
20140508 0.213004	0	4062	510	4061	522	4062	96244	477960
20140508 0.213004	500	4062	510	4061	521	4062	96248	477962
20140508 0.213005	0	4062	510	4061	521	4062	96252	477962
20140508 0.213005	500	4062	503	4061	531	4062	96252	477962
20140508 0.213006	0	4062	504	4061	532	4062	96252	477962
20140508 0.213006	500	4062	503	4061	530	4061	96256	477964
20140508 0.213007	0	4062	504	4061	530	4061	96256	477964
20140508 0.213007	500	4062	447	4061	526	4061	96278	477958
20140508 0.213008	0	4062	446	4061	533	4062	96280	477956
20140508 0.213008	500	4062	447	4061	533	4061	96304	477954
20140508 0.213009	0	4062	449	4061	534	4062	96306	477954
20140508 0.213009	500	4062	444	4061	535	4062	96320	477942
20140508 0.21301	0	4062	434	4061	536	4061	96324	477944
20140508 0.21301	500	4062	352	4061	664	4062	96410	477864
20140508 0.213011	0	4062	213	4061	662	4062	96696	478092
20140508 0.213011	500	4062	31	4061	660	4062	97062	478188
20140508 0.213012	0	4063	636	4062	161	4063	97128	478142
20140508 0.213012	500	4063	662	4062	222	4063	97134	478138
20140508 0.213013	0	4063	648	4062	220	4062	97174	478098
20140508 0.213013	500	4063	604	4062	207	4062	97206	478092
20140508 0.213014	0	4063	622	4062	223	4063	97210	478094
20140508 0.213014	500	4063	656	4062	180	4063	97302	478094
20140508 0.213015	0	4063	676	4062	130	4062	97330	478096
20140508 0.213015	500	4063	675	4062	101	4062	97400	478116
20140508 0.213016	0	4063	689	4062	98	4063	97412	478126
20140508 0.213016	500	4063	708	4062	43	4062	97530	478234
20140508 0.213017	0	4063	721	4062	31	4062	97560	478238
20140508 0.213017	500	4063	722	4061	684	4062	97624	478184
20140508 0.213018	0	4062	1	4061	558	4062	97624	478184
20140508 0.213018	500	4062	194	4061	557	4062	97626	478184
20140508 0.213019	0	4062	259	4061	557	4062	97646	478188
20140508 0.213019	500	4062	204	4061	562	4062	97774	478314
20140508 0.21302	0	4062	202	4061	561	4062	97780	478318
20140508 0.21302	500	4062	196	4061	584	4062	97792	478328
20140508 0.213021	0	4062	163	4061	588	4062	97796	478330
20140508 0.213021	500	4062	152	4061	588	4062	97820	478352
20140508 0.213022	0	4062	104	4061	589	4062	97902	478398
20140508 0.213022	500	4062	51	4061	589	4062	97904	478398
20140508 0.213023	0	4062	41	4061	595	4062	97926	478384
20140508 0.213023	500	4062	30	4061	596	4062	97952	478372
20140508 0.213024	0	4062	80	4061	597	4062	97956	478376
20140508 0.213024	500	4062	80	4061	667	4062	97958	478378
20140508 0.213025	0	4062	127	4061	667	4062	97980	478388
20140508 0.213025	500	4062	129	4061	666	4062	97980	478388
20140508 0.213026	0	4062	168	4061	665	4062	97982	478390
20140508 0.213026	500	4062	184	4061	665	4062	97984	478392
20140508 0.213027	0	4062	217	4061	649	4062	98022	478424
20140508 0.213027	500	4062	287	4061	637	4061	98050	478450
20140508 0.213028	0	4062	287	4061	591	4061	98068	478468
20140508 0.213028	500	4062	263	4061	592	4062	98120	478484
20140508 0.213029	0	4062	265	4061	589	4062	98134	478488
20140508 0.213029	500	4062	278	4061	600	4061	98136	478488
20140508 0.21303	0	4062	279	4061	616	4062	98142	478482
20140508 0.21303	500	4062	247	4061	618	4062	98144	478482
20140508 0.213031	0	4062	248	4061	620	4062	98144	478482
20140508 0.213031	500	4062	246	4061	629	4062	98152	478484
20140508 0.213032	0	4062	249	4061	509	4061	98154	478484
20140508 0.213032	500	4062	251	4061	509	4061	98154	478484
20140508 0.213033	0	4062	244	4061	508	4062	98174	478464
20140508 0.213033	500	4062	235	4061	513	4062	98194	478464
20140508 0.213034	0	4062	238	4061	514	4062	98194	478464
20140508 0.213034	500	4062	238	4061	518	4062	98196	478464
20140508 0.213035	0	4062	240	4061	515	4061	98198	478462
20140508 0.213035	500	4062	238	4061	502	4062	98204	478462
20140508 0.213036	0	4062	237	4061	502	4062	98206	478462
20140508 0.213036	500	4062	237	4061	501	4062	98206	478462
20140508 0.213037	0	4062	238	4061	503	4062	98206	478462
20140508 0.213037	500	4062	240	4061	505	4062	98206	478462
20140508 0.213038	0	4062	239	4061	505	4062	98206	478462
20140508 0.213038	500	4062	237	4061	505	4062	98210	478462
20140508 0.213039	0	4062	239	4061	506	4062	98210	478462
20140508 0.213039	500	4062	248	4061	518	4062	98210	478462
20140508 0.21304	0	4062	248	4061	515	4061	98216	478458
20140508 0.21304	500	4062	245	4061	515	4061	98216	478458
20140508 0.213041	0	4062	250	4061	526	4061	98216	478458
20140508 0.213041	500	4062	294	4061	526	4062	98218	478458
20140508 0.213042	0	4062	293	4061	528	4061	98220	478458
20140508 0.213042	500	4062	313	4061	528	4061	98220	478458
20140508 0.213043	0	4062	314	4061	528	4061	98220	478458
20140508 0.213043	500	4062	314	4061	528	4061	98220	478458
20140508 0.213044	0	4062	293	4061	528	4062	98226	478464
20140508 0.213044	500	4062	293	4061	529	4062	98228	478466
20140508 0.213045	0	4062	292	4061	526	4062	98238	478466
20140508 0.213045	500	4062	307	4061	526	4062	98240	478468
20140508 0.213046	0	4062	298	4061	480	4061	98392	478534
20140508 0.213046	500	4062	299	4061	505	4061	98392	478534
20140508 0.213047	0	4062	316	4061	493	4061	98426	478540
20140508 0.213047	500	4062	318	4061	494	4061	98428	478540
20140508 0.213048	0	4062	319	4061	494	4061	98428	478540
20140508 0.213048	500	4062	319	4061	480	4061	98460	478540
20140508 0.213049	0	4062	298	4061	480	4061	98464	478540
20140508 0.213049	500	4062	299	4061	469	4061	98486	478532
20140508 0.21305	0	4062	300	4061	468	4062	98490	478536
20140508 0.21305	500	4062	301	4061	468	4062	98490	478536
20140508 0.213051	0	4062	300	4061	468	4062	98490	478536
20140508 0.213051	500	4062	301	4061	468	4062	98492	478536
20140508 0.213052	0	4062	301	4061	468	4062	98492	478536
20140508 0.213052	500	4062	300	4061	467	4061	98494	478538
20140508 0.213053	0	4062	300	4061	478	4061	98496	478540
20140508 0.213053	500	4062	300	4061	478	4061	98496	478540
20140508 0.213054	0	4062	366	4061	483	4062	98500	478542
20140508 0.213054	500	4062	374	4061	470	4062	98504	478546
20140508 0.213055	0	4062	374	4061	470	4062	98504	478546
20140508 0.213055	500	4062	383	4061	472	4062	98504	478546
20140508 0.213056	0	4062	382	4061	472	4062	98508	478550
20140508 0.213056	500	4062	389	4061	473	4062	98510	478552
20140508 0.213057	0	4062	386	4061	473	4062	98516	478558
20140508 0.213057	500	4062	386	4061	473	4062	98516	478558
20140508 0.213058	0	4062	286	4061	472	4062	98720	478742
20140508 0.213058	500	4062	282	4061	485	4062	98728	478744
20140508 0.213059	0	4062	242	4061	523	4061	98730	478746
20140508 0.213059	500	4062	281	4061	517	4062	98748	478746
20140508 0.2131	0	4062	283	4061	517	4061	98750	478746
20140508 0.2131	500	4062	308	4061	518	4061	98750	478746
20140508 0.213101	0	4062	387	4061	506	4061	98776	478748
20140508 0.213101	500	4062	459	4061	497	4061	98800	478744
20140508 0.213102	0	4062	462	4061	500	4061	98800	478744
20140508 0.213102	500	4062	421	4061	497	4061	98806	478748
20140508 0.213103	0	4062	417	4061	493	4061	98822	478760
20140508 0.213103	500	4062	326	4061	488	4061	98842	478772
20140508 0.213104	0	4062	335	4061	495	4061	98842	478772
20140508 0.213104	500	4062	334	4061	507	4062	98844	478772
20140508 0.213105	0	4062	330	4061	508	4062	98856	478778
20140508 0.213105	500	4062	330	4061	510	4062	98856	478778
20140508 0.213106	0	4062	335	4061	511	4061	98858	478780
20140508 0.213106	500	4062	325	4061	510	4062	98878	478800
20140508 0.213107	0	4062	327	4061	511	4062	98878	478800
20140508 0.213107	500	4062	366	4061	522	4062	98880	478802
20140508 0.213108	0	4062	369	4061	512	4061	98882	478802
20140508 0.213108	500	4062	365	4061	524	4062	98890	478804
20140508 0.213109	0	4062	367	4061	525	4062	98890	478804
20140508 0.213109	500	4062	366	4061	526	4062	98892	478806
20140508 0.21311	0	4062	372	4061	522	4061	98900	478814
20140508 0.21311	500	4062	373	4061	542	4061	98900	478814
20140508 0.213111	0	4062	371	4061	541	4061	98900	478814
20140508 0.213111	500	4062	426	4061	540	4061	98902	478816
20140508 0.213112	0	4062	416	4061	540	4062	98904	478818
20140508 0.213112	500	4062	415	4061	569	4062	98904	478818
20140508 0.213113	0	4062	416	4061	570	4062	98904	478818
20140508 0.213113	500	4062	416	4061	522	4061	99004	478866
20140508 0.213114	0	4062	419	4061	519	4061	99010	478866
20140508 0.213114	500	4062	467	4061	520	4062	99012	478866
20140508 0.213115	0	4062	471	4061	518	4061	99014	478864
20140508 0.213115	500	4062	473	4061	523	4061	99014	478864
20140508 0.213116	0	4062	477	4061	517	4061	99030	478848
20140508 0.213116	500	4062	474	4061	516	4061	99032	478848
20140508 0.213117	0	4062	473	4061	496	4061	99072	478854
20140508 0.213117	500	4062	477	4061	493	4061	99078	478854
20140508 0.213118	0	4062	520	4061	493	4061	99080	478854
20140508 0.213118	500	4062	553	4061	493	4061	99080	478854
20140508 0.213119	0	4062	558	4061	493	4061	99080	478854
20140508 0.213119	500	4062	561	4061	492	4061	99084	478854
20140508 0.21312	0	4062	561	4061	492	4062	99086	478856
20140508 0.21312	500	4062	511	4061	485	4061	99098	478864
20140508 0.213121	0	4062	512	4061	481	4061	99108	478864
20140508 0.213121	500	4062	531	4061	513	4061	99108	478864
20140508 0.213122	0	4062	477	4061	511	4061	99112	478864
20140508 0.213122	500	4062	477	4061	512	4061	99112	478864
20140508 0.213123	0	4062	445	4061	532	4061	99112	478864
20140508 0.213123	500	4062	443	4061	534	4062	99116	478864
20140508 0.213124	0	4062	441	4061	495	4061	99196	478810
20140508 0.213124	500	4062	432	4061	495	4061	99196	478810
20140508 0.213125	0	4062	436	4061	494	4061	99200	478812
20140508 0.213125	500	4062	434	4061	489	4061	99212	478810
20140508 0.213126	0	4062	434	4061	489	4061	99212	478810
20140508 0.213126	500	4062	394	4061	490	4061	99212	478810
20140508 0.213127	0	4062	392	4061	531	4061	99216	478810
20140508 0.213127	500	4062	324	4061	528	4062	99224	478810
20140508 0.213128	0	4062	314	4061	605	4062	99224	478810
20140508 0.213128	500	4062	279	4061	569	4061	99316	478810
20140508 0.213129	0	4062	226	4061	565	4062	99424	478848
20140508 0.213129	500	4062	223	4061	564	4062	99428	478844
20140508 0.21313	0	4062	221	4061	565	4062	99432	478842
20140508 0.21313	500	4062	220	4061	566	4062	99434	478842
20140508 0.213131	0	4062	222	4061	567	4062	99434	478842
20140508 0.213131	500	4062	221	4061	566	4062	99438	478838
20140508 0.213132	0	4062	219	4061	566	4062	99442	478836
20140508 0.213132	500	4062	219	4061	567	4062	99442	478836
20140508 0.213133	0	4062	220	4061	575	4062	99442	478836
20140508 0.213133	500	4062	220	4061	569	4062	99442	478836
20140508 0.213134	0	4062	220	4061	569	4062	99442	478836
20140508 0.213134	500	4062	220	4061	570	4062	99444	478836
20140508 0.213135	0	4062	218	4061	579	4062	99448	478834
20140508 0.213135	500	4062	205	4061	559	4062	99514	478818
20140508 0.213136	0	4062	196	4061	576	4062	99534	478798
20140508 0.213136	500	4062	185	4061	578	4062	99556	478792
20140508 0.213137	0	4062	217	4061	578	4062	99560	478790
20140508 0.213137	500	4062	209	4061	580	4061	99576	478788
20140508 0.213138	0	4062	207	4061	582	4062	99580	478788
20140508 0.213138	500	4062	177	4061	583	4062	99640	478778
20140508 0.213139	0	4062	170	4061	583	4062	99652	478790
20140508 0.213139	500	4062	171	4061	583	4062	99652	478790
20140508 0.21314	0	4062	132	4061	674	4062	99814	478702
20140508 0.21314	500	4062	123	4061	695	4062	99834	478698
20140508 0.213141	0	4062	122	4061	697	4062	99836	478696
20140508 0.213141	500	4062	123	4061	694	4062	99838	478698
20140508 0.213142	0	4062	77	4061	734	4062	99930	478708
20140508 0.213142	500	4062	41	4061	536	4062	100402	478898
20140508 0.213143	0	4062	4	4061	497	4062	100578	478834
20140508 0.213143	500	4062	72	4061	517	4062	100624	478850
20140508 0.213144	0	4062	67	4061	517	4062	100736	478958
20140508 0.213144	500	4062	72	4061	516	4062	100748	478966
20140508 0.213145	0	4062	111	4061	516	4062	100750	478966
20140508 0.213145	500	4062	13	4061	516	4062	100948	479042
20140508 0.213146	0	4063	1371	4062	33	4062	100976	479018
20140508 0.213146	500	4063	1376	4062	240	4062	100976	479018
20140508 0.213147	0	4063	1375	4062	424	4063	100978	479020
20140508 0.213147	500	4063	1371	4062	423	4062	100980	479020
20140508 0.213148	0	4063	1328	4062	381	4062	101092	478952
20140508 0.213148	500	4063	1326	4062	388	4062	101092	478952
20140508 0.213149	0	4063	1313	4062	269	4063	101098	478952
20140508 0.213149	500	4063	1294	4062	197	4063	101140	478936
20140508 0.21315	0	4063	1298	4062	202	4062	101142	478936
20140508 0.21315	500	4063	1310	4062	206	4062	101146	478938
20140508 0.213151	0	4063	1298	4062	210	4063	101148	478938
